// Game: Qodot
// Format: Standard
// entity 0
{
"classname" "worldspawn"
"_tb_textures" "textures/Green;textures/Orange;textures/Purple"
// brush 0
{
( -144 671 18 ) ( -144 -671 18 ) ( -144 -671 -16 ) Orange/texture_08 0 0 0 1 1
( -144 -671 18 ) ( 1264 -671 18 ) ( 1264 -671 -16 ) Green/texture_05 0 0 0 1 1
( 1264 -671 -16 ) ( 1264 671 -16 ) ( -144 671 -16 ) Green/texture_05 0 0 0 1 1
( -144 671 18 ) ( 1264 671 18 ) ( 1264 -671 18 ) Green/texture_05 0 0 0 1 1
( 1264 671 -16 ) ( 1264 671 18 ) ( -144 671 18 ) Green/texture_05 0 0 0 1 1
( 1264 -671 18 ) ( 1264 671 18 ) ( 1264 671 -16 ) Green/texture_05 0 0 0 1 1
}
// brush 1
{
( -630 671 18 ) ( -630 -671 18 ) ( -630 -671 -16 ) Green/texture_05 0 0 0 1 1
( -630 -671 18 ) ( -160 -671 18 ) ( -160 -671 -16 ) Green/texture_05 0 0 0 1 1
( -160 -671 -16 ) ( -160 671 -16 ) ( -630 671 -16 ) Green/texture_05 0 0 0 1 1
( -630 671 18 ) ( -160 671 18 ) ( -160 -671 18 ) Green/texture_05 0 0 0 1 1
( -160 671 -16 ) ( -160 671 18 ) ( -630 671 18 ) Green/texture_05 0 0 0 1 1
( -160 -671 18 ) ( -160 671 18 ) ( -160 671 -16 ) Orange/texture_08 0 0 0 1 1
}
// brush 2
{
( -160 671 18 ) ( -160 -256 18 ) ( -160 -256 -16 ) Orange/texture_08 0 0 0 1 1
( -160 -256 18 ) ( -144 -256 18 ) ( -144 -256 -16 ) Orange/texture_08 0 0 0 1 1
( -144 -256 -16 ) ( -144 671 -16 ) ( -160 671 -16 ) Green/texture_05 0 0 0 1 1
( -160 671 18 ) ( -144 671 18 ) ( -144 -256 18 ) Green/texture_05 0 0 0 1 1
( -144 671 -16 ) ( -144 671 18 ) ( -160 671 18 ) Green/texture_05 0 0 0 1 1
( -144 -256 18 ) ( -144 671 18 ) ( -144 671 -16 ) Orange/texture_08 0 0 0 1 1
}
// brush 3
{
( -160 -384 18 ) ( -160 -671 18 ) ( -160 -671 -16 ) Orange/texture_08 0 0 0 1 1
( -160 -671 18 ) ( -144 -671 18 ) ( -144 -671 -16 ) Green/texture_05 0 0 0 1 1
( -144 -671 -16 ) ( -144 -384 -16 ) ( -160 -384 -16 ) Green/texture_05 0 0 0 1 1
( -160 -384 18 ) ( -144 -384 18 ) ( -144 -671 18 ) Green/texture_05 0 0 0 1 1
( -144 -384 -16 ) ( -144 -384 18 ) ( -160 -384 18 ) Orange/texture_08 0 0 0 1 1
( -144 -671 18 ) ( -144 -384 18 ) ( -144 -384 -16 ) Orange/texture_08 0 0 0 1 1
}
// brush 4
{
( -160 -256 16 ) ( -160 -384 16 ) ( -160 -384 -16 ) Orange/texture_08 0 0 0 1 1
( -160 -384 16 ) ( -144 -384 16 ) ( -144 -384 -16 ) Orange/texture_08 0 0 0 1 1
( -144 -384 -16 ) ( -144 -256 -16 ) ( -160 -256 -16 ) Green/texture_05 0 0 0 1 1
( -160 -256 16 ) ( -144 -256 16 ) ( -144 -384 16 ) Orange/texture_08 0 0 0 1 1
( -144 -256 -16 ) ( -144 -256 16 ) ( -160 -256 16 ) Orange/texture_08 0 0 0 1 1
( -144 -384 16 ) ( -144 -256 16 ) ( -144 -256 -16 ) Orange/texture_08 0 0 0 1 1
}
}
// entity 1
{
"classname" "group"
// brush 0
{
( 896 448 48 ) ( 896 192 48 ) ( 896 192 18 ) Orange/texture_03 -448 0 0 1 1
( 960 192 48 ) ( 1216 192 48 ) ( 1216 192 18 ) Orange/texture_03 -64 0 0 1 1
( 1216 192 18 ) ( 1216 448 18 ) ( 960 448 18 ) Orange/texture_03 -64 448 0 1 1
( 960 448 238 ) ( 1216 448 238 ) ( 1216 192 238 ) Orange/texture_03 -64 448 0 1 1
( 960 224 48 ) ( 1216 192 48 ) ( 1216 192 176 ) Orange/texture_03 -64 0 0 1 1
( 976 448 48 ) ( 976 192 18 ) ( 976 192 48 ) Orange/texture_03 -448 0 0 1 1
}
// brush 1
{
( 897.8823529411765 239.52941176470586 48 ) ( 913.8823529411765 303.52941176470586 48 ) ( 913.8823529411765 303.52941176470586 176 ) Orange/texture_03 -448.52942 0 0 1 1
( 960 224 48 ) ( 1216 192 176 ) ( 1216 192 48 ) Orange/texture_03 -64 0 0 1 1
( 1216 192 18 ) ( 1216 448 18 ) ( 960 448 18 ) Orange/texture_03 -64 448 0 1 1
( 960 448 238 ) ( 1216 448 238 ) ( 1216 192 238 ) Orange/texture_03 -64 448 0 1 1
( 976 288 48 ) ( 1216 192 48 ) ( 1216 192 176 ) Orange/texture_03 -64 0 0 1 1
( 975.5294117647059 220.11764705882342 48 ) ( 991.5294117647059 284.1176470588234 176 ) ( 991.5294117647059 284.1176470588234 48 ) Orange/texture_03 -447.11768 0 0 1 1
}
// brush 2
{
( 966.4 412.79999999999995 48 ) ( 902.4 284.79999999999995 176 ) ( 902.4 284.79999999999995 48 ) Orange/texture_03 -448.80005 0 0 1 1
( 976 288 48 ) ( 1216 192 176 ) ( 1216 192 48 ) Orange/texture_03 -64 0 0 1 1
( 1216 192 18 ) ( 1216 448 18 ) ( 960 448 18 ) Orange/texture_03 -64 448 0 1 1
( 960 448 238 ) ( 1216 448 238 ) ( 1216 192 238 ) Orange/texture_03 -64 448 0 1 1
( 992 320 48 ) ( 1216 192 48 ) ( 1216 192 176 ) Orange/texture_03 -64 0 0 1 1
( 1038.4 376.79999999999995 48 ) ( 974.4 248.79999999999995 48 ) ( 974.4 248.79999999999995 176 ) Orange/texture_03 -447.80005 0 0 1 1
}
// brush 3
{
( 970.4615384615385 403.69230769230785 48 ) ( 938.4615384615385 355.69230769230785 176 ) ( 938.4615384615385 355.69230769230785 48 ) Orange/texture_03 -448.69226 0 0 1 1
( 992 320 48 ) ( 1216 192 176 ) ( 1216 192 48 ) Orange/texture_03 -64 0 0 1 1
( 1216 192 18 ) ( 1216 448 18 ) ( 960 448 18 ) Orange/texture_03 -64 448 0 1 1
( 960 448 238 ) ( 1216 448 238 ) ( 1216 192 238 ) Orange/texture_03 -64 448 0 1 1
( 1024 368 48 ) ( 1216 192 48 ) ( 1216 192 176 ) Orange/texture_03 -64 0 0 1 1
( 1037.3846153846155 359.0769230769231 48 ) ( 1005.3846153846155 311.0769230769231 48 ) ( 1005.3846153846155 311.0769230769231 176 ) Orange/texture_03 -447.0769 0 0 1 1
}
// brush 4
{
( 1010 446 48 ) ( 962 398 176 ) ( 962 398 48 ) Orange/texture_03 -448 0 0 1 1
( 1024 368 48 ) ( 1216 192 176 ) ( 1216 192 48 ) Orange/texture_03 -64 0 0 1 1
( 1216 192 18 ) ( 1216 448 18 ) ( 960 448 18 ) Orange/texture_03 -64 448 0 1 1
( 960 448 238 ) ( 1216 448 238 ) ( 1216 192 238 ) Orange/texture_03 -64 448 0 1 1
( 1067.5 388.5 48 ) ( 1019.5 340.5 48 ) ( 1019.5 340.5 176 ) Orange/texture_03 -447.5 0 0 1 1
( 1056 400 48 ) ( 1216 192 48 ) ( 1216 192 176 ) Orange/texture_03 -448 0 0 1 1
}
// brush 5
{
( 1216 192 48 ) ( 1120 432 48 ) ( 1120 432 176 ) Orange/texture_03 -448 0 0 1 1
( 1147.6000000000001 509.20000000000005 48 ) ( 1099.6000000000001 493.20000000000005 176 ) ( 1099.6000000000001 493.20000000000005 48 ) Orange/texture_03 -63.599976 0 0 1 1
( 1216 192 18 ) ( 1216 448 18 ) ( 960 448 18 ) Orange/texture_03 -64 448 0 1 1
( 960 448 238 ) ( 1216 448 238 ) ( 1216 192 238 ) Orange/texture_03 -64 448 0 1 1
( 1173.1 432.70000000000005 48 ) ( 1125.1 416.70000000000005 48 ) ( 1125.1 416.70000000000005 176 ) Orange/texture_03 -64.099976 0 0 1 1
( 1168 448 48 ) ( 1216 192 48 ) ( 1216 192 176 ) Orange/texture_03 -448 0 0 1 1
}
// brush 6
{
( 1168 448 48 ) ( 1216 192 176 ) ( 1216 192 48 ) Orange/texture_03 -448 0 0 1 1
( 1216 432 18 ) ( 960 432 48 ) ( 1216 432 48 ) Orange/texture_03 -64 0 0 1 1
( 1216 192 18 ) ( 1216 448 18 ) ( 960 448 18 ) Orange/texture_03 -64 448 0 1 1
( 960 448 238 ) ( 1216 448 238 ) ( 1216 192 238 ) Orange/texture_03 -64 448 0 1 1
( 1216 512 18 ) ( 1216 512 48 ) ( 960 512 48 ) Orange/texture_03 -64 0 0 1 1
( 1216 192 48 ) ( 1216 448 48 ) ( 1216 448 18 ) Orange/texture_03 -448 0 0 1 1
}
// brush 7
{
( 1056 400 48 ) ( 1216 192 176 ) ( 1216 192 48 ) Orange/texture_03 -448 0 0 1 1
( 995.2 441.5999999999999 48 ) ( 1123.2 505.6 48 ) ( 1123.2 505.6 176 ) Orange/texture_03 -63.200012 0 0 1 1
( 1216 192 18 ) ( 1216 448 18 ) ( 960 448 18 ) Orange/texture_03 -64 448 0 1 1
( 960 448 238 ) ( 1216 448 238 ) ( 1216 192 238 ) Orange/texture_03 -64 448 0 1 1
( 1031.2 369.5999999999999 48 ) ( 1159.2 433.5999999999999 176 ) ( 1159.2 433.5999999999999 48 ) Orange/texture_03 -64.19995 0 0 1 1
( 1216 192 48 ) ( 1120 432 176 ) ( 1120 432 48 ) Orange/texture_03 -448 0 0 1 1
}
// brush 8
{
( 896 448 48 ) ( 896 192 48 ) ( 896 192 18 ) Orange/texture_03 -448 0 0 1 1
( 960 192 48 ) ( 1216 192 48 ) ( 1216 192 18 ) Orange/texture_03 -64 0 0 1 1
( 960 448 238 ) ( 1216 192 238 ) ( 1216 448 238 ) Orange/texture_03 -64 448 0 1 1
( 960 448 304 ) ( 1216 448 304 ) ( 1216 192 304 ) Orange/texture_03 -64 448 0 1 1
( 960 224 48 ) ( 1216 192 48 ) ( 1216 192 176 ) Orange/texture_03 -64 0 0 1 1
( 992 448 48 ) ( 992 192 18 ) ( 992 192 48 ) Orange/texture_03 -448 0 0 1 1
}
// brush 9
{
( 897.8823529411765 239.52941176470586 48 ) ( 913.8823529411765 303.52941176470586 48 ) ( 913.8823529411765 303.52941176470586 176 ) Orange/texture_03 -448.52942 0 0 1 1
( 960 224 48 ) ( 1216 192 176 ) ( 1216 192 48 ) Orange/texture_03 -64 0 0 1 1
( 960 448 238 ) ( 1216 192 238 ) ( 1216 448 238 ) Orange/texture_03 -64 448 0 1 1
( 960 448 304 ) ( 1216 448 304 ) ( 1216 192 304 ) Orange/texture_03 -64 448 0 1 1
( 976 288 48 ) ( 1216 192 48 ) ( 1216 192 176 ) Orange/texture_03 -64 0 0 1 1
( 991.0588235294117 216.23529411764684 48 ) ( 1007.0588235294117 280.23529411764684 176 ) ( 1007.0588235294117 280.23529411764684 48 ) Orange/texture_03 -447.23535 0 0 1 1
}
// brush 10
{
( 966.4 412.79999999999995 48 ) ( 902.4 284.79999999999995 176 ) ( 902.4 284.79999999999995 48 ) Orange/texture_03 -448.80005 0 0 1 1
( 976 288 48 ) ( 1216 192 176 ) ( 1216 192 48 ) Orange/texture_03 -64 0 0 1 1
( 960 448 238 ) ( 1216 192 238 ) ( 1216 448 238 ) Orange/texture_03 -64 448 0 1 1
( 960 448 304 ) ( 1216 448 304 ) ( 1216 192 304 ) Orange/texture_03 -64 448 0 1 1
( 992 320 48 ) ( 1216 192 48 ) ( 1216 192 176 ) Orange/texture_03 -64 0 0 1 1
( 1052.8000000000002 369.60000000000014 48 ) ( 988.8000000000001 241.60000000000014 48 ) ( 988.8000000000001 241.60000000000014 176 ) Orange/texture_03 -447.6001 0 0 1 1
}
// brush 11
{
( 970.4615384615385 403.69230769230785 48 ) ( 938.4615384615385 355.69230769230785 176 ) ( 938.4615384615385 355.69230769230785 48 ) Orange/texture_03 -448.69226 0 0 1 1
( 992 320 48 ) ( 1216 192 176 ) ( 1216 192 48 ) Orange/texture_03 -64 0 0 1 1
( 960 448 238 ) ( 1216 192 238 ) ( 1216 448 238 ) Orange/texture_03 -64 448 0 1 1
( 960 448 304 ) ( 1216 448 304 ) ( 1216 192 304 ) Orange/texture_03 -64 448 0 1 1
( 1024 368 48 ) ( 1216 192 48 ) ( 1216 192 176 ) Orange/texture_03 -64 0 0 1 1
( 1050.769230769231 350.1538461538462 48 ) ( 1018.769230769231 302.1538461538462 48 ) ( 1018.769230769231 302.1538461538462 176 ) Orange/texture_03 -447.1538 0 0 1 1
}
// brush 12
{
( 1010 446 48 ) ( 962 398 176 ) ( 962 398 48 ) Orange/texture_03 -448 0 0 1 1
( 1024 368 48 ) ( 1216 192 176 ) ( 1216 192 48 ) Orange/texture_03 -64 0 0 1 1
( 960 448 238 ) ( 1216 192 238 ) ( 1216 448 238 ) Orange/texture_03 -64 448 0 1 1
( 960 448 304 ) ( 1216 448 304 ) ( 1216 192 304 ) Orange/texture_03 -64 448 0 1 1
( 1079 377 48 ) ( 1031 329 48 ) ( 1031 329 176 ) Orange/texture_03 -448 0 0 1 1
( 1056 400 48 ) ( 1216 192 48 ) ( 1216 192 176 ) Orange/texture_03 -448 0 0 1 1
}
// brush 13
{
( 1056 400 48 ) ( 1216 192 176 ) ( 1216 192 48 ) Orange/texture_03 -448 0 0 1 1
( 995.2 441.5999999999999 48 ) ( 1123.2 505.6 48 ) ( 1123.2 505.6 176 ) Orange/texture_03 -63.200012 0 0 1 1
( 960 448 238 ) ( 1216 192 238 ) ( 1216 448 238 ) Orange/texture_03 -64 448 0 1 1
( 960 448 304 ) ( 1216 448 304 ) ( 1216 192 304 ) Orange/texture_03 -64 448 0 1 1
( 1038.4 355.20000000000005 48 ) ( 1166.4 419.20000000000005 176 ) ( 1166.4 419.20000000000005 48 ) Orange/texture_03 -64.3999 0 0 1 1
( 1216 192 48 ) ( 1120 432 176 ) ( 1120 432 48 ) Orange/texture_03 -448 0 0 1 1
}
// brush 14
{
( 1168 448 48 ) ( 1216 192 176 ) ( 1216 192 48 ) Orange/texture_03 -448 0 0 1 1
( 1216 416 18 ) ( 960 416 48 ) ( 1216 416 48 ) Orange/texture_03 -64 0 0 1 1
( 960 448 238 ) ( 1216 192 238 ) ( 1216 448 238 ) Orange/texture_03 -64 448 0 1 1
( 960 448 304 ) ( 1216 448 304 ) ( 1216 192 304 ) Orange/texture_03 -64 448 0 1 1
( 1216 512 18 ) ( 1216 512 48 ) ( 960 512 48 ) Orange/texture_03 -64 0 0 1 1
( 1216 192 48 ) ( 1216 448 48 ) ( 1216 448 18 ) Orange/texture_03 -448 0 0 1 1
}
// brush 15
{
( 1216 192 48 ) ( 1120 432 48 ) ( 1120 432 176 ) Orange/texture_03 -448 0 0 1 1
( 1147.6000000000001 509.20000000000005 48 ) ( 1099.6000000000001 493.20000000000005 176 ) ( 1099.6000000000001 493.20000000000005 48 ) Orange/texture_03 -63.599976 0 0 1 1
( 960 448 238 ) ( 1216 192 238 ) ( 1216 448 238 ) Orange/texture_03 -64 448 0 1 1
( 960 448 304 ) ( 1216 448 304 ) ( 1216 192 304 ) Orange/texture_03 -64 448 0 1 1
( 1178.2 417.4000000000001 48 ) ( 1130.2 401.4000000000001 48 ) ( 1130.2 401.4000000000001 176 ) Orange/texture_03 -64.19995 0 0 1 1
( 1168 448 48 ) ( 1216 192 48 ) ( 1216 192 176 ) Orange/texture_03 -448 0 0 1 1
}
// brush 16
{
( 1168 448 48 ) ( 1216 192 176 ) ( 1216 192 48 ) Orange/texture_03 -448 0 0 1 1
( 1216 256 18 ) ( 960 256 48 ) ( 1216 256 48 ) Orange/texture_03 -64 0 0 1 1
( 1216 192 18 ) ( 1216 448 18 ) ( 960 448 18 ) Orange/texture_03 -64 448 0 1 1
( 960 448 48 ) ( 1216 448 48 ) ( 1216 192 48 ) Orange/texture_03 -64 448 0 1 1
( 1216 432 18 ) ( 1216 432 48 ) ( 960 432 48 ) Orange/texture_03 -64 0 0 1 1
( 1216 192 48 ) ( 1216 448 48 ) ( 1216 448 18 ) Orange/texture_03 -448 0 0 1 1
}
// brush 17
{
( 1216 192 48 ) ( 1120 432 48 ) ( 1120 432 176 ) Orange/texture_03 -448 0 0 1 1
( 1173.1 432.70000000000005 48 ) ( 1125.1 416.70000000000005 176 ) ( 1125.1 416.70000000000005 48 ) Orange/texture_03 -64.099976 0 0 1 1
( 1216 192 18 ) ( 1216 448 18 ) ( 960 448 18 ) Orange/texture_03 -64 448 0 1 1
( 960 448 48 ) ( 1216 448 48 ) ( 1216 192 48 ) Orange/texture_03 -64 448 0 1 1
( 1229.1999999999998 264.4000000000001 48 ) ( 1181.1999999999998 248.4000000000001 48 ) ( 1181.1999999999998 248.4000000000001 176 ) Orange/texture_03 -64.19995 0 0 1 1
( 1168 448 48 ) ( 1216 192 48 ) ( 1216 192 176 ) Orange/texture_03 -448 0 0 1 1
}
// brush 18
{
( 1056 400 48 ) ( 1216 192 176 ) ( 1216 192 48 ) Orange/texture_03 -448 0 0 1 1
( 1031.2 369.5999999999999 48 ) ( 1159.2 433.5999999999999 48 ) ( 1159.2 433.5999999999999 176 ) Orange/texture_03 -64.19995 0 0 1 1
( 1216 192 18 ) ( 1216 448 18 ) ( 960 448 18 ) Orange/texture_03 -64 448 0 1 1
( 960 448 48 ) ( 1216 448 48 ) ( 1216 192 48 ) Orange/texture_03 -64 448 0 1 1
( 1110.4 211.20000000000005 48 ) ( 1238.4 275.20000000000005 176 ) ( 1238.4 275.20000000000005 48 ) Orange/texture_03 -64.3999 0 0 1 1
( 1216 192 48 ) ( 1120 432 176 ) ( 1120 432 48 ) Orange/texture_03 -448 0 0 1 1
}
// brush 19
{
( 1067.5 388.5 48 ) ( 1019.5 340.5 176 ) ( 1019.5 340.5 48 ) Orange/texture_03 -447.5 0 0 1 1
( 1024 368 48 ) ( 1216 192 176 ) ( 1216 192 48 ) Orange/texture_03 -64 0 0 1 1
( 1216 192 18 ) ( 1216 448 18 ) ( 960 448 18 ) Orange/texture_03 -64 448 0 1 1
( 960 448 48 ) ( 1216 448 48 ) ( 1216 192 48 ) Orange/texture_03 -64 448 0 1 1
( 1194 262 48 ) ( 1146 214 48 ) ( 1146 214 176 ) Orange/texture_03 -448 0 0 1 1
( 1056 400 48 ) ( 1216 192 48 ) ( 1216 192 176 ) Orange/texture_03 -448 0 0 1 1
}
// brush 20
{
( 1037.3846153846155 359.0769230769231 48 ) ( 1005.3846153846155 311.0769230769231 176 ) ( 1005.3846153846155 311.0769230769231 48 ) Orange/texture_03 -447.0769 0 0 1 1
( 992 320 48 ) ( 1216 192 176 ) ( 1216 192 48 ) Orange/texture_03 -64 0 0 1 1
( 1216 192 18 ) ( 1216 448 18 ) ( 960 448 18 ) Orange/texture_03 -64 448 0 1 1
( 960 448 48 ) ( 1216 448 48 ) ( 1216 192 48 ) Orange/texture_03 -64 448 0 1 1
( 1024 368 48 ) ( 1216 192 48 ) ( 1216 192 176 ) Orange/texture_03 -64 0 0 1 1
( 1184.6153846153848 260.9230769230769 48 ) ( 1152.6153846153848 212.9230769230769 48 ) ( 1152.6153846153848 212.9230769230769 176 ) Orange/texture_03 -447.9231 0 0 1 1
}
// brush 21
{
( 1038.4 376.79999999999995 48 ) ( 974.4 248.79999999999995 176 ) ( 974.4 248.79999999999995 48 ) Orange/texture_03 -447.80005 0 0 1 1
( 976 288 48 ) ( 1216 192 176 ) ( 1216 192 48 ) Orange/texture_03 -64 0 0 1 1
( 1216 192 18 ) ( 1216 448 18 ) ( 960 448 18 ) Orange/texture_03 -64 448 0 1 1
( 960 448 48 ) ( 1216 448 48 ) ( 1216 192 48 ) Orange/texture_03 -64 448 0 1 1
( 992 320 48 ) ( 1216 192 48 ) ( 1216 192 176 ) Orange/texture_03 -64 0 0 1 1
( 1196.8000000000002 297.5999999999999 48 ) ( 1132.8000000000002 169.5999999999999 48 ) ( 1132.8000000000002 169.5999999999999 176 ) Orange/texture_03 -447.6001 0 0 1 1
}
// brush 22
{
( 975.5294117647059 220.11764705882342 48 ) ( 991.5294117647059 284.1176470588234 48 ) ( 991.5294117647059 284.1176470588234 176 ) Orange/texture_03 -447.11768 0 0 1 1
( 960 224 48 ) ( 1216 192 176 ) ( 1216 192 48 ) Orange/texture_03 -64 0 0 1 1
( 1216 192 18 ) ( 1216 448 18 ) ( 960 448 18 ) Orange/texture_03 -64 448 0 1 1
( 960 448 48 ) ( 1216 448 48 ) ( 1216 192 48 ) Orange/texture_03 -64 448 0 1 1
( 976 288 48 ) ( 1216 192 48 ) ( 1216 192 176 ) Orange/texture_03 -64 0 0 1 1
( 1146.3529411764705 177.4117647058822 48 ) ( 1162.3529411764705 241.4117647058822 176 ) ( 1162.3529411764705 241.4117647058822 48 ) Orange/texture_03 -447.41174 0 0 1 1
}
// brush 23
{
( 976 448 48 ) ( 976 192 48 ) ( 976 192 18 ) Orange/texture_03 -448 0 0 1 1
( 960 192 48 ) ( 1216 192 48 ) ( 1216 192 18 ) Orange/texture_03 -64 0 0 1 1
( 1216 192 18 ) ( 1216 448 18 ) ( 960 448 18 ) Orange/texture_03 -64 448 0 1 1
( 960 448 48 ) ( 1216 448 48 ) ( 1216 192 48 ) Orange/texture_03 -64 448 0 1 1
( 960 224 48 ) ( 1216 192 48 ) ( 1216 192 176 ) Orange/texture_03 -64 0 0 1 1
( 1152 448 48 ) ( 1152 192 18 ) ( 1152 192 48 ) Orange/texture_03 -448 0 0 1 1
}
// brush 24
{
( 1152 192 48 ) ( 1152 200 48 ) ( 1152 200 176 ) Orange/texture_03 -448 0 0 1 1
( 960 192 48 ) ( 1216 192 48 ) ( 1216 192 18 ) Orange/texture_03 -64 0 0 1 1
( 1216 192 18 ) ( 1216 448 18 ) ( 960 448 18 ) Orange/texture_03 -64 448 0 1 1
( 960 448 48 ) ( 1216 448 48 ) ( 1216 192 48 ) Orange/texture_03 -64 448 0 1 1
( 960 224 48 ) ( 1216 192 48 ) ( 1216 192 176 ) Orange/texture_03 -64 0 0 1 1
}
// brush 25
{
( 1156 216 48 ) ( 1152 200 176 ) ( 1152 200 48 ) Orange/texture_03 -447.11768 0 0 1 1
( 960 224 48 ) ( 1216 192 176 ) ( 1216 192 48 ) Orange/texture_03 -64 0 0 1 1
( 1216 192 18 ) ( 1216 448 18 ) ( 960 448 18 ) Orange/texture_03 -64 448 0 1 1
( 960 448 48 ) ( 1216 448 48 ) ( 1216 192 48 ) Orange/texture_03 -64 448 0 1 1
( 976 288 48 ) ( 1216 192 48 ) ( 1216 192 176 ) Orange/texture_03 -64 0 0 1 1
}
// brush 26
{
( 1160 224 48 ) ( 1156 216 176 ) ( 1156 216 48 ) Orange/texture_03 -447.80005 0 0 1 1
( 976 288 48 ) ( 1216 192 176 ) ( 1216 192 48 ) Orange/texture_03 -64 0 0 1 1
( 1216 192 18 ) ( 1216 448 18 ) ( 960 448 18 ) Orange/texture_03 -64 448 0 1 1
( 960 448 48 ) ( 1216 448 48 ) ( 1216 192 48 ) Orange/texture_03 -64 448 0 1 1
( 992 320 48 ) ( 1216 192 48 ) ( 1216 192 176 ) Orange/texture_03 -64 0 0 1 1
}
// brush 27
{
( 1160 224 48 ) ( 1168 236 48 ) ( 1168 236 176 ) Orange/texture_03 -447.0769 0 0 1 1
( 992 320 48 ) ( 1216 192 176 ) ( 1216 192 48 ) Orange/texture_03 -64 0 0 1 1
( 1216 192 18 ) ( 1216 448 18 ) ( 960 448 18 ) Orange/texture_03 -64 448 0 1 1
( 960 448 48 ) ( 1216 448 48 ) ( 1216 192 48 ) Orange/texture_03 -64 448 0 1 1
( 1024 368 48 ) ( 1216 192 48 ) ( 1216 192 176 ) Orange/texture_03 -64 0 0 1 1
}
// brush 28
{
( 1176 244 48 ) ( 1168 236 176 ) ( 1168 236 48 ) Orange/texture_03 -447.5 0 0 1 1
( 1024 368 48 ) ( 1216 192 176 ) ( 1216 192 48 ) Orange/texture_03 -64 0 0 1 1
( 1216 192 18 ) ( 1216 448 18 ) ( 960 448 18 ) Orange/texture_03 -64 448 0 1 1
( 960 448 48 ) ( 1216 448 48 ) ( 1216 192 48 ) Orange/texture_03 -64 448 0 1 1
( 1056 400 48 ) ( 1216 192 48 ) ( 1216 192 176 ) Orange/texture_03 -448 0 0 1 1
}
// brush 29
{
( 1056 400 48 ) ( 1216 192 176 ) ( 1216 192 48 ) Orange/texture_03 -448 0 0 1 1
( 1192 252 48 ) ( 1176 244 176 ) ( 1176 244 48 ) Orange/texture_03 -64.19995 0 0 1 1
( 1216 192 18 ) ( 1216 448 18 ) ( 960 448 18 ) Orange/texture_03 -64 448 0 1 1
( 960 448 48 ) ( 1216 448 48 ) ( 1216 192 48 ) Orange/texture_03 -64 448 0 1 1
( 1216 192 48 ) ( 1120 432 176 ) ( 1120 432 48 ) Orange/texture_03 -448 0 0 1 1
}
// brush 30
{
( 1216 192 48 ) ( 1120 432 48 ) ( 1120 432 176 ) Orange/texture_03 -448 0 0 1 1
( 1192 252 48 ) ( 1204 256 48 ) ( 1204 256 176 ) Orange/texture_03 -64.099976 0 0 1 1
( 1216 192 18 ) ( 1216 448 18 ) ( 960 448 18 ) Orange/texture_03 -64 448 0 1 1
( 960 448 48 ) ( 1216 448 48 ) ( 1216 192 48 ) Orange/texture_03 -64 448 0 1 1
( 1168 448 48 ) ( 1216 192 48 ) ( 1216 192 176 ) Orange/texture_03 -448 0 0 1 1
}
// brush 31
{
( 1168 448 48 ) ( 1216 192 176 ) ( 1216 192 48 ) Orange/texture_03 -448 0 0 1 1
( 1216 192 18 ) ( 1216 448 18 ) ( 960 448 18 ) Orange/texture_03 -64 448 0 1 1
( 960 448 48 ) ( 1216 448 48 ) ( 1216 192 48 ) Orange/texture_03 -64 448 0 1 1
( 1216 256 48 ) ( 1204 256 176 ) ( 1204 256 48 ) Orange/texture_03 -64 0 0 1 1
( 1216 192 48 ) ( 1216 448 48 ) ( 1216 448 18 ) Orange/texture_03 -448 0 0 1 1
}
}
// entity 2
{
"classname" "func_group"
"_tb_type" "_tb_layer"
"_tb_name" "Stairs"
"_tb_id" "1"
"_tb_layer_sort_index" "0"
// brush 0
{
( 144 160 34 ) ( 144 272 18 ) ( 144 272 34 ) Purple/texture_08 0 0 0 0.1 0.1
( 304 160 34 ) ( 144 160 18 ) ( 144 160 34 ) Purple/texture_08 0 0 0 0.1 0.1
( 304 272 18 ) ( 144 160 18 ) ( 304 160 18 ) Purple/texture_08 0 0 0 0.1 0.1
( 304 272 96 ) ( 144 160 96 ) ( 144 272 96 ) Purple/texture_08 0 0 0 0.1 0.1
( 304 272 34 ) ( 144 272 18 ) ( 304 272 18 ) Purple/texture_08 0 0 0 0.1 0.1
( 176 160 48 ) ( 176 272 176 ) ( 176 272 48 ) Purple/texture_08 0 0 0 0.1 0.1
}
// brush 1
{
( 176 160 48 ) ( 176 272 48 ) ( 176 272 176 ) Purple/texture_08 0 0 0 0.1 0.1
( 304 160 34 ) ( 144 160 18 ) ( 144 160 34 ) Purple/texture_08 0 0 0 0.1 0.1
( 304 272 18 ) ( 144 160 18 ) ( 304 160 18 ) Purple/texture_08 0 0 0 0.1 0.1
( 304 272 80 ) ( 144 160 80 ) ( 144 272 80 ) Purple/texture_08 0 0 0 0.1 0.1
( 304 272 34 ) ( 144 272 18 ) ( 304 272 18 ) Purple/texture_08 0 0 0 0.1 0.1
( 208 160 48 ) ( 208 272 176 ) ( 208 272 48 ) Purple/texture_08 0 0 0 0.1 0.1
}
// brush 2
{
( 208 160 48 ) ( 208 272 48 ) ( 208 272 176 ) Purple/texture_08 0 0 0 0.1 0.1
( 304 160 34 ) ( 144 160 18 ) ( 144 160 34 ) Purple/texture_08 0 0 0 0.1 0.1
( 304 272 18 ) ( 144 160 18 ) ( 304 160 18 ) Purple/texture_08 0 0 0 0.1 0.1
( 304 272 64 ) ( 144 160 64 ) ( 144 272 64 ) Purple/texture_08 0 0 0 0.1 0.1
( 304 272 34 ) ( 144 272 18 ) ( 304 272 18 ) Purple/texture_08 0 0 0 0.1 0.1
( 240 272 48 ) ( 240 160 48 ) ( 240 160 176 ) Purple/texture_08 0 0 0 0.1 0.1
}
// brush 3
{
( 240 272 48 ) ( 240 160 176 ) ( 240 160 48 ) Purple/texture_08 0 0 0 0.1 0.1
( 304 160 34 ) ( 144 160 18 ) ( 144 160 34 ) Purple/texture_08 0 0 0 0.1 0.1
( 304 272 18 ) ( 144 160 18 ) ( 304 160 18 ) Purple/texture_08 0 0 0 0.1 0.1
( 304 272 48 ) ( 144 160 48 ) ( 144 272 48 ) Purple/texture_08 0 0 0 0.1 0.1
( 304 272 34 ) ( 144 272 18 ) ( 304 272 18 ) Purple/texture_08 0 0 0 0.1 0.1
( 272 160 34 ) ( 272 272 162 ) ( 272 272 34 ) Purple/texture_08 0 0 0 0.1 0.1
}
// brush 4
{
( 272 160 34 ) ( 272 272 34 ) ( 272 272 162 ) Purple/texture_08 0 0 0 0.1 0.1
( 304 160 34 ) ( 144 160 18 ) ( 144 160 34 ) Purple/texture_08 0 0 0 0.1 0.1
( 304 272 18 ) ( 144 160 18 ) ( 304 160 18 ) Purple/texture_08 0 0 0 0.1 0.1
( 304 272 34 ) ( 144 160 34 ) ( 144 272 34 ) Purple/texture_08 0 0 0 0.1 0.1
( 304 272 34 ) ( 144 272 18 ) ( 304 272 18 ) Purple/texture_08 0 0 0 0.1 0.1
( 304 272 34 ) ( 304 160 18 ) ( 304 160 34 ) Purple/texture_08 0 0 0 0.1 0.1
}
}
// entity 3
{
"classname" "func_group"
"_tb_type" "_tb_layer"
"_tb_name" "Ramp"
"_tb_id" "2"
"_tb_layer_sort_index" "1"
// brush 0
{
( 144 -96 34 ) ( 144 16 18 ) ( 144 16 34 ) Purple/texture_05 0 0 0 0.1 0.1
( 320 -96 34 ) ( 144 -96 18 ) ( 144 -96 34 ) Purple/texture_05 0 0 0 0.1 0.1
( 320 16 18 ) ( 144 -96 18 ) ( 320 -96 18 ) Purple/texture_05 0 0 0 0.1 0.1
( 320 16 34 ) ( 144 16 18 ) ( 320 16 18 ) Purple/texture_05 0 0 0 0.1 0.1
( 144 -96 64 ) ( 320 16 18 ) ( 320 -96 18 ) Purple/texture_05 0 0 0 0.1 0.1
}
}
// entity 4
{
"classname" "func_group"
"_tb_type" "_tb_layer"
"_tb_name" "Buildings"
"_tb_id" "3"
"_tb_layer_sort_index" "2"
// brush 0
{
( -608 -48 656 ) ( -608 -592 656 ) ( -608 -592 16 ) Orange/texture_08 0 0 0 1 1
( -608 -592 656 ) ( -160 -592 656 ) ( -160 -592 16 ) Orange/texture_08 0 0 0 1 1
( -160 -592 16 ) ( -160 -48 16 ) ( -608 -48 16 ) Orange/texture_08 0 0 0 1 1
( 1152 -1024 496 ) ( 960 -1088 496 ) ( 896 -1024 496 ) Orange/texture_08 0 0 0 1 1
( -160 -48 16 ) ( -160 -48 656 ) ( -608 -48 656 ) Orange/texture_08 0 0 0 1 1
( -160 -592 656 ) ( -160 -48 656 ) ( -160 -48 16 ) Orange/texture_08 0 0 0 1 1
}
// brush 1
{
( -608 656 944 ) ( -608 -48 944 ) ( -608 -48 16 ) Orange/texture_08 0 0 0 1 1
( -608 -48 944 ) ( -144 -48 944 ) ( -144 -48 16 ) Orange/texture_08 0 0 0 1 1
( -144 -48 16 ) ( -144 656 16 ) ( -608 656 16 ) Orange/texture_08 0 0 0 1 1
( 1152 -1024 496 ) ( 960 -1088 496 ) ( 896 -1024 496 ) Orange/texture_08 0 0 0 1 1
( -144 656 16 ) ( -144 656 944 ) ( -608 656 944 ) Orange/texture_08 0 0 0 1 1
( -144 -48 944 ) ( -144 656 944 ) ( -144 656 16 ) Orange/texture_08 0 0 0 1 1
}
// brush 2
{
( -160 -48 656 ) ( -160 -256 656 ) ( -160 -256 16 ) Orange/texture_08 0 0 0 1 1
( -160 -256 656 ) ( -144 -256 656 ) ( -144 -256 16 ) Orange/texture_08 0 0 0 1 1
( -144 -256 16 ) ( -144 -48 16 ) ( -160 -48 16 ) Orange/texture_08 0 0 0 1 1
( 1152 -1024 48 ) ( 960 -1088 48 ) ( 896 -1024 48 ) Orange/texture_08 0 0 0 1 1
( -144 -48 16 ) ( -144 -48 656 ) ( -160 -48 656 ) Orange/texture_08 0 0 0 1 1
( -144 -256 656 ) ( -144 -48 656 ) ( -144 -48 16 ) Orange/texture_08 0 0 0 1 1
}
// brush 3
{
( -160 -256 256 ) ( -160 -384 256 ) ( -160 -384 16 ) Orange/texture_02 552 58 1.7763568e-15 0.3 0.3
( -160 -384 256 ) ( -144 -384 256 ) ( -144 -384 16 ) Orange/texture_02 552 58 1.7763568e-15 0.3 0.3
( -144 -384 16 ) ( -144 -256 16 ) ( -160 -256 16 ) Orange/texture_02 552 58 1.7763568e-15 0.3 0.3
( 1152 -1024 48 ) ( 960 -1088 48 ) ( 896 -1024 48 ) Orange/texture_02 552 58 1.7763568e-15 0.3 0.3
( -144 -256 16 ) ( -144 -256 256 ) ( -160 -256 256 ) Orange/texture_02 552 58 1.7763568e-15 0.3 0.3
( -144 -384 256 ) ( -144 -256 256 ) ( -144 -256 16 ) Orange/texture_02 552 58 1.7763568e-15 0.3 0.3
}
// brush 4
{
( -160 -384 656 ) ( -160 -592 656 ) ( -160 -592 16 ) Orange/texture_08 0 0 0 1 1
( -160 -592 656 ) ( -144 -592 656 ) ( -144 -592 16 ) Orange/texture_08 0 0 0 1 1
( -144 -592 16 ) ( -144 -384 16 ) ( -160 -384 16 ) Orange/texture_08 0 0 0 1 1
( 1152 -1024 48 ) ( 960 -1088 48 ) ( 896 -1024 48 ) Orange/texture_08 0 0 0 1 1
( -144 -384 16 ) ( -144 -384 656 ) ( -160 -384 656 ) Orange/texture_08 0 0 0 1 1
( -144 -592 656 ) ( -144 -384 656 ) ( -144 -384 16 ) Orange/texture_08 0 0 0 1 1
}
}
